1935
2001
1935
1935
1935
1939
1958
1959
1960
1935
1967
1995
2000
1987
1981
1989
1994
1977
1996
1990
1985
1976
1983
1984
1967
1963
1968
1977
2001
1978
1967
1988
1998
1978
1976
1998
1999
1989
2000
2001
2000
2000
2001
2001
2001
1990
1935
1993
1974
1998
2003
1989
1997
1975
1971
2001
2001
1989
2000
1994
1971
1981
1987
1987
1992
1992
1992
1992
1992
1992
1992
1992
1992
1992
1992
1992
1992
1992
1992
1992
1989
1990
1956
1975
2003
1937
1992
1994
1979
1999
2011
2003
2002
1998
1996
1994
1994
1989
1964
1994
2000
2000
1964
1964
1984
2010
1985
1976
2001
1999
1999
1999
1999
1500
1940
1977
1978
1927
1931
1970
1961
1959
1959
1957
1968
1996
1935
1960
2003
1963
1978
1937
1934
1962
1967
1929
1929
1934
1969
2004
1999
1916
2004
2005
2005
2005
2005
1999
1999
1999
1994
1949
1994
2005
2005
1951
1968
1977
2000
1971
1999
2001
1929
1998
1977
1990
1994
2007
2007
2007
1995
1999
2007
2007
2008
1982
1982
1947
1991
1990
2009
1972
1932
1955
2005
2009
2004
1975
1982
1991
1987
1939
2010
1938
